branch_code_1,branch_code_2,distance_km
0,0,0.0
0,1,606.03
0,2,58.29
0,8,11.69
0,10,26.03
0,11,52.12
0,12,161.02
0,13,103.69
0,14,532.85
0,15,98.06
0,16,129.62
0,17,244.29
0,18,167.72
0,19,71.84
0,20,86.57
0,22,81.22
0,23,234.88
0,24,191.85
0,39,98.06
0,40,167.72
0,41,244.29
0,42,129.62
0,43,532.85
0,49,308.46
0,50,167.72
0,52,167.72
0,53,244.29
0,55,52.12
0,56,98.06
0,57,161.02
0,58,129.62
0,59,432.98
0,60,58.29
0,61,103.69
0,63,244.29
0,64,161.02
0,65,129.62
0,66,606.03
0,67,273.25
0,68,26.03
0,69,98.06
0,70,381.6
0,71,308.46
0,72,532.85
0,73,52.12
0,74,71.84
0,75,86.57
0,76,9.53
0,78,381.6
0,79,234.88
0,80,308.46
0,81,26.03
0,85,58.29
0,93,58.29
0,94,81.22
0,95,273.25
0,96,58.29
0,97,103.69
0,98,191.85
0,99,432.98
0,100,234.88
0,101,26.03
0,102,308.46
0,103,52.12
0,104,98.06
0,105,167.72
0,106,129.62
0,107,244.29
0,108,13.0
0,109,58.29
0,110,432.98
0,112,532.85
0,113,161.02
0,114,71.84
0,115,606.03
0,116,52.12
0,117,58.29
0,118,26.03
0,119,191.85
0,120,234.88
0,121,161.02
0,122,103.69
0,123,234.88
1,0,606.03
1,1,0.0
1,2,557.87
1,8,617.55
1,10,586.64
1,11,654.94
1,12,569.55
1,13,504.42
1,14,122.16
1,15,690.73
1,16,719.13
1,17,833.2
1,18,699.46
1,19,638.0
1,20,577.56
1,22,571.82
1,23,458.29
1,24,752.03
1,39,690.73
1,40,699.46
1,41,833.2
1,42,719.13
1,43,122.16
1,49,431.92
1,50,699.46
1,52,699.46
1,53,833.2
1,55,654.94
1,56,690.73
1,57,569.55
1,58,719.13
1,59,275.21
1,60,557.87
1,61,504.42
1,63,833.2
1,64,569.55
1,65,719.13
1,66,20.0
1,67,371.9
1,68,586.64
1,69,690.73
1,70,231.32
1,71,431.92
1,72,122.16
1,73,654.94
1,74,638.0
1,75,577.56
1,76,615.56
1,78,231.32
1,79,458.29
1,80,431.92
1,81,586.64
1,85,557.87
1,93,557.87
1,94,571.82
1,95,371.9
1,96,557.87
1,97,504.42
1,98,752.03
1,99,275.21
1,100,458.29
1,101,586.64
1,102,431.92
1,103,654.94
1,104,690.73
1,105,699.46
1,106,719.13
1,107,833.2
1,108,606.03
1,109,557.87
1,110,275.21
1,112,122.16
1,113,569.55
1,114,638.0
1,115,19.0
1,116,654.94
1,117,557.87
1,118,586.64
1,119,752.03
1,120,458.29
1,121,569.55
1,122,504.42
1,123,458.29
2,0,58.29
2,1,557.87
2,2,0.0
2,8,67.37
2,10,56.79
2,11,98.53
2,12,182.36
2,13,54.41
2,14,491.54
2,15,133.43
2,16,163.18
2,17,279.43
2,18,172.49
2,19,124.55
2,20,112.15
2,22,41.24
2,23,226.36
2,24,211.13
2,39,133.43
2,40,172.49
2,41,279.43
2,42,163.18
2,43,491.54
2,49,298.93
2,50,172.49
2,52,172.49
2,53,279.43
2,55,98.53
2,56,133.43
2,57,182.36
2,58,163.18
2,59,404.07
2,60,13.0
2,61,54.41
2,63,279.43
2,64,182.36
2,65,163.18
2,66,557.87
2,67,245.71
2,68,56.79
2,69,133.43
2,70,338.59
2,71,298.93
2,72,491.54
2,73,98.53
2,74,124.55
2,75,112.15
2,76,66.59
2,78,338.59
2,79,226.36
2,80,298.93
2,81,56.79
2,85,0.0
2,93,0.0
2,94,41.24
2,95,245.71
2,96,24.0
2,97,54.41
2,98,211.13
2,99,404.07
2,100,226.36
2,101,56.79
2,102,298.93
2,103,98.53
2,104,133.43
2,105,172.49
2,106,163.18
2,107,279.43
2,108,58.29
2,109,12.0
2,110,404.07
2,112,491.54
2,113,182.36
2,114,124.55
2,115,557.87
2,116,98.53
2,117,20.0
2,118,56.79
2,119,211.13
2,120,226.36
2,121,182.36
2,122,54.41
2,123,226.36
8,0,11.69
8,1,617.55
8,2,67.37
8,8,0.0
8,10,36.52
8,11,40.72
8,12,167.22
8,13,114.73
8,14,544.54
8,15,87.41
8,16,118.9
8,17,233.07
8,18,160.92
8,19,69.99
8,20,93.42
8,22,85.69
8,23,244.86
8,24,182.56
8,39,87.41
8,40,160.92
8,41,233.07
8,42,118.9
8,43,544.54
8,49,318.35
8,50,160.92
8,52,160.92
8,53,233.07
8,55,40.72
8,56,87.41
8,57,167.22
8,58,118.9
8,59,444.31
8,60,67.37
8,61,114.73
8,63,233.07
8,64,167.22
8,65,118.9
8,66,617.55
8,67,284.6
8,68,36.52
8,69,87.41
8,70,393.27
8,71,318.35
8,72,544.54
8,73,40.72
8,74,69.99
8,75,93.42
8,76,2.92
8,78,393.27
8,79,244.86
8,80,318.35
8,81,36.52
8,85,67.37
8,93,67.37
8,94,85.69
8,95,284.6
8,96,67.37
8,97,114.73
8,98,182.56
8,99,444.31
8,100,244.86
8,101,36.52
8,102,318.35
8,103,40.72
8,104,87.41
8,105,160.92
8,106,118.9
8,107,233.07
8,108,11.69
8,109,67.37
8,110,444.31
8,112,544.54
8,113,167.22
8,114,69.99
8,115,617.55
8,116,40.72
8,117,67.37
8,118,36.52
8,119,182.56
8,120,244.86
8,121,167.22
8,122,114.73
8,123,244.86
10,0,26.03
10,1,586.64
10,2,56.79
10,8,36.52
10,10,0.0
10,11,77.09
10,12,138.66
10,13,89.84
10,14,510.75
10,15,123.86
10,16,155.39
10,17,269.46
10,18,192.18
10,19,68.61
10,20,64.16
10,22,90.53
10,23,208.85
10,24,217.79
10,39,123.86
10,40,192.18
10,41,269.46
10,42,155.39
10,43,510.75
10,49,282.44
10,50,192.18
10,52,192.18
10,53,269.46
10,55,77.09
10,56,123.86
10,57,138.66
10,58,155.39
10,59,408.15
10,60,56.79
10,61,89.84
10,63,269.46
10,64,138.66
10,65,155.39
10,66,586.64
10,67,248.54
10,68,13.0
10,69,123.86
10,70,360.41
10,71,282.44
10,72,510.75
10,73,77.09
10,74,68.61
10,75,64.16
10,76,33.72
10,78,360.41
10,79,208.85
10,80,282.44
10,81,26.0
10,85,56.79
10,93,56.79
10,94,90.53
10,95,248.54
10,96,56.79
10,97,89.84
10,98,217.79
10,99,408.15
10,100,208.85
10,101,21.0
10,102,282.44
10,103,77.09
10,104,123.86
10,105,192.18
10,106,155.39
10,107,269.46
10,108,26.03
10,109,56.79
10,110,408.15
10,112,510.75
10,113,138.66
10,114,68.61
10,115,586.64
10,116,77.09
10,117,56.79
10,118,13.0
10,119,217.79
10,120,208.85
10,121,138.66
10,122,89.84
10,123,208.85
11,0,52.12
11,1,654.94
11,2,98.53
11,8,40.72
11,10,77.09
11,11,0.0
11,12,199.48
11,13,150.61
11,14,584.08
11,15,48.12
11,16,79.12
11,17,192.38
11,18,133.22
11,19,86.95
11,20,128.42
11,22,102.01
11,23,284.21
11,24,146.28
11,39,48.12
11,40,133.22
11,41,192.38
11,42,79.12
11,43,584.08
11,49,357.47
11,50,133.22
11,52,133.22
11,53,192.38
11,55,24.0
11,56,48.12
11,57,199.48
11,58,79.12
11,59,485.03
11,60,98.53
11,61,150.61
11,63,192.38
11,64,199.48
11,65,79.12
11,66,654.94
11,67,325.32
11,68,77.09
11,69,48.12
11,70,432.29
11,71,357.47
11,72,584.08
11,73,17.0
11,74,86.95
11,75,128.42
11,76,43.43
11,78,432.29
11,79,284.21
11,80,357.47
11,81,77.09
11,85,98.53
11,93,98.53
11,94,102.01
11,95,325.32
11,96,98.53
11,97,150.61
11,98,146.28
11,99,485.03
11,100,284.21
11,101,77.09
11,102,357.47
11,103,22.0
11,104,48.12
11,105,133.22
11,106,79.12
11,107,192.38
11,108,52.12
11,109,98.53
11,110,485.03
11,112,584.08
11,113,199.48
11,114,86.95
11,115,654.94
11,116,10.0
11,117,98.53
11,118,77.09
11,119,146.28
11,120,284.21
11,121,199.48
11,122,150.61
11,123,284.21
12,0,161.02
12,1,569.55
12,2,182.36
12,8,167.22
12,10,138.66
12,11,199.48
12,12,0.0
12,13,175.5
12,14,471.9
12,15,246.59
12,16,275.58
12,17,377.21
12,18,328.14
12,19,120.25
12,20,74.63
12,22,222.85
12,23,118.6
12,24,345.6
12,39,246.59
12,40,328.14
12,41,377.21
12,42,275.58
12,43,471.9
12,49,180.22
12,50,328.14
12,52,328.14
12,53,377.21
12,55,199.48
12,56,246.59
12,57,25.0
12,58,275.58
12,59,339.4
12,60,182.36
12,61,175.5
12,63,377.21
12,64,7.0
12,65,275.58
12,66,569.55
12,67,198.13
12,68,138.66
12,69,246.59
12,70,339.32
12,71,180.22
12,72,471.9
12,73,199.48
12,74,120.25
12,75,74.63
12,76,164.46
12,78,339.32
12,79,118.6
12,80,180.22
12,81,138.66
12,85,182.36
12,93,182.36
12,94,222.85
12,95,198.13
12,96,182.36
12,97,175.5
12,98,345.6
12,99,339.4
12,100,118.6
12,101,138.66
12,102,180.22
12,103,199.48
12,104,246.59
12,105,328.14
12,106,275.58
12,107,377.21
12,108,161.02
12,109,182.36
12,110,339.4
12,112,471.9
12,113,6.0
12,114,120.25
12,115,569.55
12,116,199.48
12,117,182.36
12,118,138.66
12,119,345.6
12,120,118.6
12,121,14.0
12,122,175.5
12,123,118.6
13,0,103.69
13,1,504.42
13,2,54.41
13,8,114.73
13,10,89.84
13,11,150.61
13,12,175.5
13,13,0.0
13,14,437.14
13,15,187.73
13,16,217.59
13,17,333.82
13,18,221.51
13,19,155.65
13,20,119.69
13,22,82.25
13,23,189.99
13,24,263.67
13,39,187.73
13,40,221.51
13,41,333.82
13,42,217.59
13,43,437.14
13,49,259.56
13,50,221.51
13,52,221.51
13,53,333.82
13,55,150.61
13,56,187.73
13,57,175.5
13,58,217.59
13,59,352.6
13,60,54.41
13,61,28.0
13,63,333.82
13,64,175.5
13,65,217.59
13,66,504.42
13,67,196.11
13,68,89.84
13,69,187.73
13,70,284.19
13,71,259.56
13,72,437.14
13,73,150.61
13,74,155.65
13,75,119.69
13,76,113.11
13,78,284.19
13,79,189.99
13,80,259.56
13,81,89.84
13,85,54.41
13,93,54.41
13,94,82.25
13,95,196.11
13,96,54.41
13,97,14.0
13,98,263.67
13,99,352.6
13,100,189.99
13,101,89.84
13,102,259.56
13,103,150.61
13,104,187.73
13,105,221.51
13,106,217.59
13,107,333.82
13,108,103.69
13,109,54.41
13,110,352.6
13,112,437.14
13,113,175.5
13,114,155.65
13,115,504.42
13,116,150.61
13,117,54.41
13,118,89.84
13,119,263.67
13,120,189.99
13,121,175.5
13,122,14.0
13,123,189.99
14,0,532.85
14,1,122.16
14,2,491.54
14,8,544.54
14,10,510.75
14,11,584.08
14,12,471.9
14,13,437.14
14,14,0.0
14,15,624.51
14,16,654.69
14,17,770.95
14,18,648.53
14,19,554.08
14,20,491.11
14,22,512.82
14,23,355.68
14,24,697.05
14,39,624.51
14,40,648.53
14,41,770.95
14,42,654.69
14,43,9.0
14,49,319.47
14,50,648.53
14,52,648.53
14,53,770.95
14,55,584.08
14,56,624.51
14,57,471.9
14,58,654.69
14,59,155.39
14,60,491.54
14,61,437.14
14,63,770.95
14,64,471.9
14,65,654.69
14,66,122.16
14,67,275.02
14,68,510.75
14,69,624.51
14,70,153.33
14,71,319.47
14,72,13.0
14,73,584.08
14,74,554.08
14,75,491.11
14,76,542.22
14,78,153.33
14,79,355.68
14,80,319.47
14,81,510.75
14,85,491.54
14,93,491.54
14,94,512.82
14,95,275.02
14,96,491.54
14,97,437.14
14,98,697.05
14,99,155.39
14,100,355.68
14,101,510.75
14,102,319.47
14,103,584.08
14,104,624.51
14,105,648.53
14,106,654.69
14,107,770.95
14,108,532.85
14,109,491.54
14,110,155.39
14,112,28.0
14,113,471.9
14,114,554.08
14,115,122.16
14,116,584.08
14,117,491.54
14,118,510.75
14,119,697.05
14,120,355.68
14,121,471.9
14,122,437.14
14,123,355.68
15,0,98.06
15,1,690.73
15,2,133.43
15,8,87.41
15,10,123.86
15,11,48.12
15,12,246.59
15,13,187.73
15,14,624.51
15,15,0.0
15,16,31.57
15,17,147.46
15,18,96.19
15,19,130.38
15,20,176.41
15,22,122.8
15,23,332.04
15,24,99.17
15,39,29.0
15,40,96.19
15,41,147.46
15,42,31.57
15,43,624.51
15,49,405.4
15,50,96.19
15,52,96.19
15,53,147.46
15,55,48.12
15,56,21.0
15,57,246.59
15,58,31.57
15,59,530.19
15,60,133.43
15,61,187.73
15,63,147.46
15,64,246.59
15,65,31.57
15,66,690.73
15,67,370.43
15,68,123.86
15,69,9.0
15,70,471.81
15,71,405.4
15,72,624.51
15,73,48.12
15,74,130.38
15,75,176.41
15,76,90.27
15,78,471.81
15,79,332.04
15,80,405.4
15,81,123.86
15,85,133.43
15,93,133.43
15,94,122.8
15,95,370.43
15,96,133.43
15,97,187.73
15,98,99.17
15,99,530.19
15,100,332.04
15,101,123.86
15,102,405.4
15,103,48.12
15,104,19.0
15,105,96.19
15,106,31.57
15,107,147.46
15,108,98.06
15,109,133.43
15,110,530.19
15,112,624.51
15,113,246.59
15,114,130.38
15,115,690.73
15,116,48.12
15,117,133.43
15,118,123.86
15,119,99.17
15,120,332.04
15,121,246.59
15,122,187.73
15,123,332.04
16,0,129.62
16,1,719.13
16,2,163.18
16,8,118.9
16,10,155.39
16,11,79.12
16,12,275.58
16,13,217.59
16,14,654.69
16,15,31.57
16,16,0.0
16,17,116.5
16,18,86.15
16,19,157.38
16,20,206.7
16,22,148.5
16,23,363.31
16,24,72.99
16,39,31.57
16,40,86.15
16,41,116.5
16,42,6.0
16,43,654.69
16,49,436.59
16,50,86.15
16,52,86.15
16,53,116.5
16,55,79.12
16,56,31.57
16,57,275.58
16,58,22.0
16,59,561.64
16,60,163.18
16,61,217.59
16,63,116.5
16,64,275.58
16,65,29.0
16,66,719.13
16,67,401.89
16,68,155.39
16,69,31.57
16,70,501.77
16,71,436.59
16,72,654.69
16,73,79.12
16,74,157.38
16,75,206.7
16,76,121.75
16,78,501.77
16,79,363.31
16,80,436.59
16,81,155.39
16,85,163.18
16,93,163.18
16,94,148.5
16,95,401.89
16,96,163.18
16,97,217.59
16,98,72.99
16,99,561.64
16,100,363.31
16,101,155.39
16,102,436.59
16,103,79.12
16,104,31.57
16,105,86.15
16,106,20.0
16,107,116.5
16,108,129.62
16,109,163.18
16,110,561.64
16,112,654.69
16,113,275.58
16,114,157.38
16,115,719.13
16,116,79.12
16,117,163.18
16,118,155.39
16,119,72.99
16,120,363.31
16,121,275.58
16,122,217.59
16,123,363.31
17,0,244.29
17,1,833.2
17,2,279.43
17,8,233.07
17,10,269.46
17,11,192.38
17,12,377.21
17,13,333.82
17,14,770.95
17,15,147.46
17,16,116.5
17,17,0.0
17,18,149.55
17,19,257.08
17,20,314.46
17,22,261.38
17,23,474.34
17,24,93.25
17,39,147.46
17,40,149.55
17,41,29.0
17,42,116.5
17,43,770.95
17,49,546.76
17,50,149.55
17,52,149.55
17,53,16.0
17,55,192.38
17,56,147.46
17,57,377.21
17,58,116.5
17,59,677.23
17,60,279.43
17,61,333.82
17,63,26.0
17,64,377.21
17,65,116.5
17,66,833.2
17,67,517.47
17,68,269.46
17,69,147.46
17,70,617.9
17,71,546.76
17,72,770.95
17,73,192.38
17,74,257.08
17,75,314.46
17,76,235.8
17,78,617.9
17,79,474.34
17,80,546.76
17,81,269.46
17,85,279.43
17,93,279.43
17,94,261.38
17,95,517.47
17,96,279.43
17,97,333.82
17,98,93.25
17,99,677.23
17,100,474.34
17,101,269.46
17,102,546.76
17,103,192.38
17,104,147.46
17,105,149.55
17,106,116.5
17,107,20.0
17,108,244.29
17,109,279.43
17,110,677.23
17,112,770.95
17,113,377.21
17,114,257.08
17,115,833.2
17,116,192.38
17,117,279.43
17,118,269.46
17,119,93.25
17,120,474.34
17,121,377.21
17,122,333.82
17,123,474.34
18,0,167.72
18,1,699.46
18,2,172.49
18,8,160.92
18,10,192.18
18,11,133.22
18,12,328.14
18,13,221.51
18,14,648.53
18,15,96.19
18,16,86.15
18,17,149.55
18,18,0.0
18,19,220.17
18,20,254.12
18,22,139.54
18,23,396.22
18,24,56.81
18,39,96.19
18,40,27.0
18,41,149.55
18,42,86.15
18,43,648.53
18,49,469.58
18,50,12.0
18,52,14.0
18,53,149.55
18,55,133.22
18,56,96.19
18,57,328.14
18,58,86.15
18,59,574.01
18,60,172.49
18,61,221.51
18,63,149.55
18,64,328.14
18,65,86.15
18,66,699.46
18,67,417.24
18,68,192.18
18,69,96.19
18,70,495.66
18,71,469.58
18,72,648.53
18,73,133.22
18,74,220.17
18,75,254.12
18,76,163.69
18,78,495.66
18,79,396.22
18,80,469.58
18,81,192.18
18,85,172.49
18,93,172.49
18,94,139.54
18,95,417.24
18,96,172.49
18,97,221.51
18,98,56.81
18,99,574.01
18,100,396.22
18,101,192.18
18,102,469.58
18,103,133.22
18,104,96.19
18,105,17.0
18,106,86.15
18,107,149.55
18,108,167.72
18,109,172.49
18,110,574.01
18,112,648.53
18,113,328.14
18,114,220.17
18,115,699.46
18,116,133.22
18,117,172.49
18,118,192.18
18,119,56.81
18,120,396.22
18,121,328.14
18,122,221.51
18,123,396.22
19,0,71.84
19,1,638.0
19,2,124.55
19,8,69.99
19,10,68.61
19,11,86.95
19,12,120.25
19,13,155.65
19,14,554.08
19,15,130.38
19,16,157.38
19,17,257.08
19,18,220.17
19,19,0.0
19,20,64.01
19,22,152.91
19,23,222.95
19,24,229.23
19,39,130.38
19,40,220.17
19,41,257.08
19,42,157.38
19,43,554.08
19,49,292.98
19,50,220.17
19,52,220.17
19,53,257.08
19,55,86.95
19,56,130.38
19,57,120.25
19,58,157.38
19,59,438.01
19,60,124.55
19,61,155.65
19,63,257.08
19,64,120.25
19,65,157.38
19,66,638.0
19,67,282.37
19,68,68.61
19,69,130.38
19,70,408.13
19,71,292.98
19,72,554.08
19,73,86.95
19,74,10.0
19,75,64.01
19,76,68.44
19,78,408.13
19,79,222.95
19,80,292.98
19,81,68.61
19,85,124.55
19,93,124.55
19,94,152.91
19,95,282.37
19,96,124.55
19,97,155.65
19,98,229.23
19,99,438.01
19,100,222.95
19,101,68.61
19,102,292.98
19,103,86.95
19,104,130.38
19,105,220.17
19,106,157.38
19,107,257.08
19,108,71.84
19,109,124.55
19,110,438.01
19,112,554.08
19,113,120.25
19,114,25.0
19,115,638.0
19,116,86.95
19,117,124.55
19,118,68.61
19,119,229.23
19,120,222.95
19,121,120.25
19,122,155.65
19,123,222.95
20,0,86.57
20,1,577.56
20,2,112.15
20,8,93.42
20,10,64.16
20,11,128.42
20,12,74.63
20,13,119.69
20,14,491.11
20,15,176.41
20,16,206.7
20,17,314.46
20,18,254.12
20,19,64.01
20,20,0.0
20,22,151.12
20,23,160.76
20,24,274.46
20,39,176.41
20,40,254.12
20,41,314.46
20,42,206.7
20,43,491.11
20,49,232.41
20,50,254.12
20,52,254.12
20,53,314.46
20,55,128.42
20,56,176.41
20,57,74.63
20,58,206.7
20,59,374.06
20,60,112.15
20,61,119.69
20,63,314.46
20,64,74.63
20,65,206.7
20,66,577.56
20,67,218.51
20,68,64.16
20,69,176.41
20,70,346.82
20,71,232.41
20,72,491.11
20,73,128.42
20,74,64.01
20,75,10.0
20,76,90.58
20,78,346.82
20,79,160.76
20,80,232.41
20,81,64.16
20,85,112.15
20,93,112.15
20,94,151.12
20,95,218.51
20,96,112.15
20,97,119.69
20,98,274.46
20,99,374.06
20,100,160.76
20,101,64.16
20,102,232.41
20,103,128.42
20,104,176.41
20,105,254.12
20,106,206.7
20,107,314.46
20,108,86.57
20,109,112.15
20,110,374.06
20,112,491.11
20,113,74.63
20,114,64.01
20,115,577.56
20,116,128.42
20,117,112.15
20,118,64.16
20,119,274.46
20,120,160.76
20,121,74.63
20,122,119.69
20,123,160.76
22,0,81.22
22,1,571.82
22,2,41.24
22,8,85.69
22,10,90.53
22,11,102.01
22,12,222.85
22,13,82.25
22,14,512.82
22,15,122.8
22,16,148.5
22,17,261.38
22,18,139.54
22,19,152.91
22,20,151.12
22,22,0.0
22,23,265.63
22,24,184.38
22,39,122.8
22,40,139.54
22,41,261.38
22,42,148.5
22,43,512.82
22,49,337.49
22,50,139.54
22,52,139.54
22,53,261.38
22,55,102.01
22,56,122.8
22,57,222.85
22,58,148.5
22,59,434.5
22,60,41.24
22,61,82.25
22,63,261.38
22,64,222.85
22,65,148.5
22,66,571.82
22,67,278.35
22,68,90.53
22,69,122.8
22,70,359.5
22,71,337.49
22,72,512.82
22,73,102.01
22,74,152.91
22,75,151.12
22,76,86.31
22,78,359.5
22,79,265.63
22,80,337.49
22,81,90.53
22,85,41.24
22,93,41.24
22,94,27.0
22,95,278.35
22,96,41.24
22,97,82.25
22,98,184.38
22,99,434.5
22,100,265.63
22,101,90.53
22,102,337.49
22,103,102.01
22,104,122.8
22,105,139.54
22,106,148.5
22,107,261.38
22,108,81.22
22,109,41.24
22,110,434.5
22,112,512.82
22,113,222.85
22,114,152.91
22,115,571.82
22,116,102.01
22,117,41.24
22,118,90.53
22,119,184.38
22,120,265.63
22,121,222.85
22,122,82.25
22,123,265.63
23,0,234.88
23,1,458.29
23,2,226.36
23,8,244.86
23,10,208.85
23,11,284.21
23,12,118.6
23,13,189.99
23,14,355.68
23,15,332.04
23,16,363.31
23,17,474.34
23,18,396.22
23,19,222.95
23,20,160.76
23,22,265.63
23,23,0.0
23,24,426.44
23,39,332.04
23,40,396.22
23,41,474.34
23,42,363.31
23,43,355.68
23,49,73.66
23,50,396.22
23,52,396.22
23,53,474.34
23,55,284.21
23,56,332.04
23,57,118.6
23,58,363.31
23,59,220.88
23,60,226.36
23,61,189.99
23,63,474.34
23,64,118.6
23,65,363.31
23,66,458.29
23,67,88.86
23,68,208.85
23,69,332.04
23,70,232.52
23,71,73.66
23,72,355.68
23,73,284.21
23,74,222.95
23,75,160.76
23,76,241.96
23,78,232.52
23,79,11.0
23,80,73.66
23,81,208.85
23,85,226.36
23,93,226.36
23,94,265.63
23,95,88.86
23,96,226.36
23,97,189.99
23,98,426.44
23,99,220.88
23,100,7.0
23,101,208.85
23,102,73.66
23,103,284.21
23,104,332.04
23,105,396.22
23,106,363.31
23,107,474.34
23,108,234.88
23,109,226.36
23,110,220.88
23,112,355.68
23,113,118.6
23,114,222.95
23,115,458.29
23,116,284.21
23,117,226.36
23,118,208.85
23,119,426.44
23,120,27.0
23,121,118.6
23,122,189.99
23,123,5.0
24,0,191.85
24,1,752.03
24,2,211.13
24,8,182.56
24,10,217.79
24,11,146.28
24,12,345.6
24,13,263.67
24,14,697.05
24,15,99.17
24,16,72.99
24,17,93.25
24,18,56.81
24,19,229.23
24,20,274.46
24,22,184.38
24,23,426.44
24,24,0.0
24,39,99.17
24,40,56.81
24,41,93.25
24,42,72.99
24,43,697.05
24,49,500.09
24,50,56.81
24,52,56.81
24,53,93.25
24,55,146.28
24,56,99.17
24,57,345.6
24,58,72.99
24,59,615.19
24,60,211.13
24,61,263.67
24,63,93.25
24,64,345.6
24,65,72.99
24,66,752.03
24,67,456.47
24,68,217.79
24,69,99.17
24,70,543.78
24,71,500.09
24,72,697.05
24,73,146.28
24,74,229.23
24,75,274.46
24,76,185.48
24,78,543.78
24,79,426.44
24,80,500.09
24,81,217.79
24,85,211.13
24,93,211.13
24,94,184.38
24,95,456.47
24,96,211.13
24,97,263.67
24,98,29.0
24,99,615.19
24,100,426.44
24,101,217.79
24,102,500.09
24,103,146.28
24,104,99.17
24,105,56.81
24,106,72.99
24,107,93.25
24,108,191.85
24,109,211.13
24,110,615.19
24,112,697.05
24,113,345.6
24,114,229.23
24,115,752.03
24,116,146.28
24,117,211.13
24,118,217.79
24,119,25.0
24,120,426.44
24,121,345.6
24,122,263.67
24,123,426.44
39,0,98.06
39,1,690.73
39,2,133.43
39,8,87.41
39,10,123.86
39,11,48.12
39,12,246.59
39,13,187.73
39,14,624.51
39,15,29.0
39,16,31.57
39,17,147.46
39,18,96.19
39,19,130.38
39,20,176.41
39,22,122.8
39,23,332.04
39,24,99.17
39,39,0.0
39,40,96.19
39,41,147.46
39,42,31.57
39,43,624.51
39,49,405.4
39,50,96.19
39,52,96.19
39,53,147.46
39,55,48.12
39,56,22.0
39,57,246.59
39,58,31.57
39,59,530.19
39,60,133.43
39,61,187.73
39,63,147.46
39,64,246.59
39,65,31.57
39,66,690.73
39,67,370.43
39,68,123.86
39,69,10.0
39,70,471.81
39,71,405.4
39,72,624.51
39,73,48.12
39,74,130.38
39,75,176.41
39,76,90.27
39,78,471.81
39,79,332.04
39,80,405.4
39,81,123.86
39,85,133.43
39,93,133.43
39,94,122.8
39,95,370.43
39,96,133.43
39,97,187.73
39,98,99.17
39,99,530.19
39,100,332.04
39,101,123.86
39,102,405.4
39,103,48.12
39,104,20.0
39,105,96.19
39,106,31.57
39,107,147.46
39,108,98.06
39,109,133.43
39,110,530.19
39,112,624.51
39,113,246.59
39,114,130.38
39,115,690.73
39,116,48.12
39,117,133.43
39,118,123.86
39,119,99.17
39,120,332.04
39,121,246.59
39,122,187.73
39,123,332.04
40,0,167.72
40,1,699.46
40,2,172.49
40,8,160.92
40,10,192.18
40,11,133.22
40,12,328.14
40,13,221.51
40,14,648.53
40,15,96.19
40,16,86.15
40,17,149.55
40,18,27.0
40,19,220.17
40,20,254.12
40,22,139.54
40,23,396.22
40,24,56.81
40,39,96.19
40,40,0.0
40,41,149.55
40,42,86.15
40,43,648.53
40,49,469.58
40,50,15.0
40,52,17.0
40,53,149.55
40,55,133.22
40,56,96.19
40,57,328.14
40,58,86.15
40,59,574.01
40,60,172.49
40,61,221.51
40,63,149.55
40,64,328.14
40,65,86.15
40,66,699.46
40,67,417.24
40,68,192.18
40,69,96.19
40,70,495.66
40,71,469.58
40,72,648.53
40,73,133.22
40,74,220.17
40,75,254.12
40,76,163.69
40,78,495.66
40,79,396.22
40,80,469.58
40,81,192.18
40,85,172.49
40,93,172.49
40,94,139.54
40,95,417.24
40,96,172.49
40,97,221.51
40,98,56.81
40,99,574.01
40,100,396.22
40,101,192.18
40,102,469.58
40,103,133.22
40,104,96.19
40,105,20.0
40,106,86.15
40,107,149.55
40,108,167.72
40,109,172.49
40,110,574.01
40,112,648.53
40,113,328.14
40,114,220.17
40,115,699.46
40,116,133.22
40,117,172.49
40,118,192.18
40,119,56.81
40,120,396.22
40,121,328.14
40,122,221.51
40,123,396.22
41,0,244.29
41,1,833.2
41,2,279.43
41,8,233.07
41,10,269.46
41,11,192.38
41,12,377.21
41,13,333.82
41,14,770.95
41,15,147.46
41,16,116.5
41,17,29.0
41,18,149.55
41,19,257.08
41,20,314.46
41,22,261.38
41,23,474.34
41,24,93.25
41,39,147.46
41,40,149.55
41,41,0.0
41,42,116.5
41,43,770.95
41,49,546.76
41,50,149.55
41,52,149.55
41,53,17.0
41,55,192.38
41,56,147.46
41,57,377.21
41,58,116.5
41,59,677.23
41,60,279.43
41,61,333.82
41,63,27.0
41,64,377.21
41,65,116.5
41,66,833.2
41,67,517.47
41,68,269.46
41,69,147.46
41,70,617.9
41,71,546.76
41,72,770.95
41,73,192.38
41,74,257.08
41,75,314.46
41,76,235.8
41,78,617.9
41,79,474.34
41,80,546.76
41,81,269.46
41,85,279.43
41,93,279.43
41,94,261.38
41,95,517.47
41,96,279.43
41,97,333.82
41,98,93.25
41,99,677.23
41,100,474.34
41,101,269.46
41,102,546.76
41,103,192.38
41,104,147.46
41,105,149.55
41,106,116.5
41,107,21.0
41,108,244.29
41,109,279.43
41,110,677.23
41,112,770.95
41,113,377.21
41,114,257.08
41,115,833.2
41,116,192.38
41,117,279.43
41,118,269.46
41,119,93.25
41,120,474.34
41,121,377.21
41,122,333.82
41,123,474.34
42,0,129.62
42,1,719.13
42,2,163.18
42,8,118.9
42,10,155.39
42,11,79.12
42,12,275.58
42,13,217.59
42,14,654.69
42,15,31.57
42,16,6.0
42,17,116.5
42,18,86.15
42,19,157.38
42,20,206.7
42,22,148.5
42,23,363.31
42,24,72.99
42,39,31.57
42,40,86.15
42,41,116.5
42,42,0.0
42,43,654.69
42,49,436.59
42,50,86.15
42,52,86.15
42,53,116.5
42,55,79.12
42,56,31.57
42,57,275.58
42,58,21.0
42,59,561.64
42,60,163.18
42,61,217.59
42,63,116.5
42,64,275.58
42,65,28.0
42,66,719.13
42,67,401.89
42,68,155.39
42,69,31.57
42,70,501.77
42,71,436.59
42,72,654.69
42,73,79.12
42,74,157.38
42,75,206.7
42,76,121.75
42,78,501.77
42,79,363.31
42,80,436.59
42,81,155.39
42,85,163.18
42,93,163.18
42,94,148.5
42,95,401.89
42,96,163.18
42,97,217.59
42,98,72.99
42,99,561.64
42,100,363.31
42,101,155.39
42,102,436.59
42,103,79.12
42,104,31.57
42,105,86.15
42,106,19.0
42,107,116.5
42,108,129.62
42,109,163.18
42,110,561.64
42,112,654.69
42,113,275.58
42,114,157.38
42,115,719.13
42,116,79.12
42,117,163.18
42,118,155.39
42,119,72.99
42,120,363.31
42,121,275.58
42,122,217.59
42,123,363.31
43,0,532.85
43,1,122.16
43,2,491.54
43,8,544.54
43,10,510.75
43,11,584.08
43,12,471.9
43,13,437.14
43,14,9.0
43,15,624.51
43,16,654.69
43,17,770.95
43,18,648.53
43,19,554.08
43,20,491.11
43,22,512.82
43,23,355.68
43,24,697.05
43,39,624.51
43,40,648.53
43,41,770.95
43,42,654.69
43,43,0.0
43,49,319.47
43,50,648.53
43,52,648.53
43,53,770.95
43,55,584.08
43,56,624.51
43,57,471.9
43,58,654.69
43,59,155.39
43,60,491.54
43,61,437.14
43,63,770.95
43,64,471.9
43,65,654.69
43,66,122.16
43,67,275.02
43,68,510.75
43,69,624.51
43,70,153.33
43,71,319.47
43,72,9.0
43,73,584.08
43,74,554.08
43,75,491.11
43,76,542.22
43,78,153.33
43,79,355.68
43,80,319.47
43,81,510.75
43,85,491.54
43,93,491.54
43,94,512.82
43,95,275.02
43,96,491.54
43,97,437.14
43,98,697.05
43,99,155.39
43,100,355.68
43,101,510.75
43,102,319.47
43,103,584.08
43,104,624.51
43,105,648.53
43,106,654.69
43,107,770.95
43,108,532.85
43,109,491.54
43,110,155.39
43,112,24.0
43,113,471.9
43,114,554.08
43,115,122.16
43,116,584.08
43,117,491.54
43,118,510.75
43,119,697.05
43,120,355.68
43,121,471.9
43,122,437.14
43,123,355.68
49,0,308.46
49,1,431.92
49,2,298.93
49,8,318.35
49,10,282.44
49,11,357.47
49,12,180.22
49,13,259.56
49,14,319.47
49,15,405.4
49,16,436.59
49,17,546.76
49,18,469.58
49,19,292.98
49,20,232.41
49,22,337.49
49,23,73.66
49,24,500.09
49,39,405.4
49,40,469.58
49,41,546.76
49,42,436.59
49,43,319.47
49,49,0.0
49,50,469.58
49,52,469.58
49,53,546.76
49,55,357.47
49,56,405.4
49,57,180.22
49,58,436.59
49,59,170.48
49,60,298.93
49,61,259.56
49,63,546.76
49,64,180.22
49,65,436.59
49,66,431.92
49,67,101.71
49,68,282.44
49,69,405.4
49,70,223.1
49,71,27.0
49,72,319.47
49,73,357.47
49,74,292.98
49,75,232.41
49,76,315.44
49,78,223.1
49,79,73.66
49,80,11.0
49,81,282.44
49,85,298.93
49,93,298.93
49,94,337.49
49,95,101.71
49,96,298.93
49,97,259.56
49,98,500.09
49,99,170.48
49,100,73.66
49,101,282.44
49,102,8.0
49,103,357.47
49,104,405.4
49,105,469.58
49,106,436.59
49,107,546.76
49,108,308.46
49,109,298.93
49,110,170.48
49,112,319.47
49,113,180.22
49,114,292.98
49,115,431.92
49,116,357.47
49,117,298.93
49,118,282.44
49,119,500.09
49,120,73.66
49,121,180.22
49,122,259.56
49,123,73.66
50,0,167.72
50,1,699.46
50,2,172.49
50,8,160.92
50,10,192.18
50,11,133.22
50,12,328.14
50,13,221.51
50,14,648.53
50,15,96.19
50,16,86.15
50,17,149.55
50,18,12.0
50,19,220.17
50,20,254.12
50,22,139.54
50,23,396.22
50,24,56.81
50,39,96.19
50,40,15.0
50,41,149.55
50,42,86.15
50,43,648.53
50,49,469.58
50,50,0.0
50,52,7.0
50,53,149.55
50,55,133.22
50,56,96.19
50,57,328.14
50,58,86.15
50,59,574.01
50,60,172.49
50,61,221.51
50,63,149.55
50,64,328.14
50,65,86.15
50,66,699.46
50,67,417.24
50,68,192.18
50,69,96.19
50,70,495.66
50,71,469.58
50,72,648.53
50,73,133.22
50,74,220.17
50,75,254.12
50,76,163.69
50,78,495.66
50,79,396.22
50,80,469.58
50,81,192.18
50,85,172.49
50,93,172.49
50,94,139.54
50,95,417.24
50,96,172.49
50,97,221.51
50,98,56.81
50,99,574.01
50,100,396.22
50,101,192.18
50,102,469.58
50,103,133.22
50,104,96.19
50,105,10.0
50,106,86.15
50,107,149.55
50,108,167.72
50,109,172.49
50,110,574.01
50,112,648.53
50,113,328.14
50,114,220.17
50,115,699.46
50,116,133.22
50,117,172.49
50,118,192.18
50,119,56.81
50,120,396.22
50,121,328.14
50,122,221.51
50,123,396.22
52,0,167.72
52,1,699.46
52,2,172.49
52,8,160.92
52,10,192.18
52,11,133.22
52,12,328.14
52,13,221.51
52,14,648.53
52,15,96.19
52,16,86.15
52,17,149.55
52,18,14.0
52,19,220.17
52,20,254.12
52,22,139.54
52,23,396.22
52,24,56.81
52,39,96.19
52,40,17.0
52,41,149.55
52,42,86.15
52,43,648.53
52,49,469.58
52,50,7.0
52,52,0.0
52,53,149.55
52,55,133.22
52,56,96.19
52,57,328.14
52,58,86.15
52,59,574.01
52,60,172.49
52,61,221.51
52,63,149.55
52,64,328.14
52,65,86.15
52,66,699.46
52,67,417.24
52,68,192.18
52,69,96.19
52,70,495.66
52,71,469.58
52,72,648.53
52,73,133.22
52,74,220.17
52,75,254.12
52,76,163.69
52,78,495.66
52,79,396.22
52,80,469.58
52,81,192.18
52,85,172.49
52,93,172.49
52,94,139.54
52,95,417.24
52,96,172.49
52,97,221.51
52,98,56.81
52,99,574.01
52,100,396.22
52,101,192.18
52,102,469.58
52,103,133.22
52,104,96.19
52,105,8.0
52,106,86.15
52,107,149.55
52,108,167.72
52,109,172.49
52,110,574.01
52,112,648.53
52,113,328.14
52,114,220.17
52,115,699.46
52,116,133.22
52,117,172.49
52,118,192.18
52,119,56.81
52,120,396.22
52,121,328.14
52,122,221.51
52,123,396.22
53,0,244.29
53,1,833.2
53,2,279.43
53,8,233.07
53,10,269.46
53,11,192.38
53,12,377.21
53,13,333.82
53,14,770.95
53,15,147.46
53,16,116.5
53,17,16.0
53,18,149.55
53,19,257.08
53,20,314.46
53,22,261.38
53,23,474.34
53,24,93.25
53,39,147.46
53,40,149.55
53,41,17.0
53,42,116.5
53,43,770.95
53,49,546.76
53,50,149.55
53,52,149.55
53,53,0.0
53,55,192.38
53,56,147.46
53,57,377.21
53,58,116.5
53,59,677.23
53,60,279.43
53,61,333.82
53,63,15.0
53,64,377.21
53,65,116.5
53,66,833.2
53,67,517.47
53,68,269.46
53,69,147.46
53,70,617.9
53,71,546.76
53,72,770.95
53,73,192.38
53,74,257.08
53,75,314.46
53,76,235.8
53,78,617.9
53,79,474.34
53,80,546.76
53,81,269.46
53,85,279.43
53,93,279.43
53,94,261.38
53,95,517.47
53,96,279.43
53,97,333.82
53,98,93.25
53,99,677.23
53,100,474.34
53,101,269.46
53,102,546.76
53,103,192.38
53,104,147.46
53,105,149.55
53,106,116.5
53,107,9.0
53,108,244.29
53,109,279.43
53,110,677.23
53,112,770.95
53,113,377.21
53,114,257.08
53,115,833.2
53,116,192.38
53,117,279.43
53,118,269.46
53,119,93.25
53,120,474.34
53,121,377.21
53,122,333.82
53,123,474.34
55,0,52.12
55,1,654.94
55,2,98.53
55,8,40.72
55,10,77.09
55,11,24.0
55,12,199.48
55,13,150.61
55,14,584.08
55,15,48.12
55,16,79.12
55,17,192.38
55,18,133.22
55,19,86.95
55,20,128.42
55,22,102.01
55,23,284.21
55,24,146.28
55,39,48.12
55,40,133.22
55,41,192.38
55,42,79.12
55,43,584.08
55,49,357.47
55,50,133.22
55,52,133.22
55,53,192.38
55,55,0.0
55,56,48.12
55,57,199.48
55,58,79.12
55,59,485.03
55,60,98.53
55,61,150.61
55,63,192.38
55,64,199.48
55,65,79.12
55,66,654.94
55,67,325.32
55,68,77.09
55,69,48.12
55,70,432.29
55,71,357.47
55,72,584.08
55,73,23.0
55,74,86.95
55,75,128.42
55,76,43.43
55,78,432.29
55,79,284.21
55,80,357.47
55,81,77.09
55,85,98.53
55,93,98.53
55,94,102.01
55,95,325.32
55,96,98.53
55,97,150.61
55,98,146.28
55,99,485.03
55,100,284.21
55,101,77.09
55,102,357.47
55,103,28.0
55,104,48.12
55,105,133.22
55,106,79.12
55,107,192.38
55,108,52.12
55,109,98.53
55,110,485.03
55,112,584.08
55,113,199.48
55,114,86.95
55,115,654.94
55,116,16.0
55,117,98.53
55,118,77.09
55,119,146.28
55,120,284.21
55,121,199.48
55,122,150.61
55,123,284.21
56,0,98.06
56,1,690.73
56,2,133.43
56,8,87.41
56,10,123.86
56,11,48.12
56,12,246.59
56,13,187.73
56,14,624.51
56,15,21.0
56,16,31.57
56,17,147.46
56,18,96.19
56,19,130.38
56,20,176.41
56,22,122.8
56,23,332.04
56,24,99.17
56,39,22.0
56,40,96.19
56,41,147.46
56,42,31.57
56,43,624.51
56,49,405.4
56,50,96.19
56,52,96.19
56,53,147.46
56,55,48.12
56,56,0.0
56,57,246.59
56,58,31.57
56,59,530.19
56,60,133.43
56,61,187.73
56,63,147.46
56,64,246.59
56,65,31.57
56,66,690.73
56,67,370.43
56,68,123.86
56,69,18.0
56,70,471.81
56,71,405.4
56,72,624.51
56,73,48.12
56,74,130.38
56,75,176.41
56,76,90.27
56,78,471.81
56,79,332.04
56,80,405.4
56,81,123.86
56,85,133.43
56,93,133.43
56,94,122.8
56,95,370.43
56,96,133.43
56,97,187.73
56,98,99.17
56,99,530.19
56,100,332.04
56,101,123.86
56,102,405.4
56,103,48.12
56,104,28.0
56,105,96.19
56,106,31.57
56,107,147.46
56,108,98.06
56,109,133.43
56,110,530.19
56,112,624.51
56,113,246.59
56,114,130.38
56,115,690.73
56,116,48.12
56,117,133.43
56,118,123.86
56,119,99.17
56,120,332.04
56,121,246.59
56,122,187.73
56,123,332.04
57,0,161.02
57,1,569.55
57,2,182.36
57,8,167.22
57,10,138.66
57,11,199.48
57,12,25.0
57,13,175.5
57,14,471.9
57,15,246.59
57,16,275.58
57,17,377.21
57,18,328.14
57,19,120.25
57,20,74.63
57,22,222.85
57,23,118.6
57,24,345.6
57,39,246.59
57,40,328.14
57,41,377.21
57,42,275.58
57,43,471.9
57,49,180.22
57,50,328.14
57,52,328.14
57,53,377.21
57,55,199.48
57,56,246.59
57,57,0.0
57,58,275.58
57,59,339.4
57,60,182.36
57,61,175.5
57,63,377.21
57,64,12.0
57,65,275.58
57,66,569.55
57,67,198.13
57,68,138.66
57,69,246.59
57,70,339.32
57,71,180.22
57,72,471.9
57,73,199.48
57,74,120.25
57,75,74.63
57,76,164.46
57,78,339.32
57,79,118.6
57,80,180.22
57,81,138.66
57,85,182.36
57,93,182.36
57,94,222.85
57,95,198.13
57,96,182.36
57,97,175.5
57,98,345.6
57,99,339.4
57,100,118.6
57,101,138.66
57,102,180.22
57,103,199.48
57,104,246.59
57,105,328.14
57,106,275.58
57,107,377.21
57,108,161.02
57,109,182.36
57,110,339.4
57,112,471.9
57,113,11.0
57,114,120.25
57,115,569.55
57,116,199.48
57,117,182.36
57,118,138.66
57,119,345.6
57,120,118.6
57,121,19.0
57,122,175.5
57,123,118.6
58,0,129.62
58,1,719.13
58,2,163.18
58,8,118.9
58,10,155.39
58,11,79.12
58,12,275.58
58,13,217.59
58,14,654.69
58,15,31.57
58,16,22.0
58,17,116.5
58,18,86.15
58,19,157.38
58,20,206.7
58,22,148.5
58,23,363.31
58,24,72.99
58,39,31.57
58,40,86.15
58,41,116.5
58,42,21.0
58,43,654.69
58,49,436.59
58,50,86.15
58,52,86.15
58,53,116.5
58,55,79.12
58,56,31.57
58,57,275.58
58,58,0.0
58,59,561.64
58,60,163.18
58,61,217.59
58,63,116.5
58,64,275.58
58,65,12.0
58,66,719.13
58,67,401.89
58,68,155.39
58,69,31.57
58,70,501.77
58,71,436.59
58,72,654.69
58,73,79.12
58,74,157.38
58,75,206.7
58,76,121.75
58,78,501.77
58,79,363.31
58,80,436.59
58,81,155.39
58,85,163.18
58,93,163.18
58,94,148.5
58,95,401.89
58,96,163.18
58,97,217.59
58,98,72.99
58,99,561.64
58,100,363.31
58,101,155.39
58,102,436.59
58,103,79.12
58,104,31.57
58,105,86.15
58,106,28.0
58,107,116.5
58,108,129.62
58,109,163.18
58,110,561.64
58,112,654.69
58,113,275.58
58,114,157.38
58,115,719.13
58,116,79.12
58,117,163.18
58,118,155.39
58,119,72.99
58,120,363.31
58,121,275.58
58,122,217.59
58,123,363.31
59,0,432.98
59,1,275.21
59,2,404.07
59,8,444.31
59,10,408.15
59,11,485.03
59,12,339.4
59,13,352.6
59,14,155.39
59,15,530.19
59,16,561.64
59,17,677.23
59,18,574.01
59,19,438.01
59,20,374.06
59,22,434.5
59,23,220.88
59,24,615.19
59,39,530.19
59,40,574.01
59,41,677.23
59,42,561.64
59,43,155.39
59,49,170.48
59,50,574.01
59,52,574.01
59,53,677.23
59,55,485.03
59,56,530.19
59,57,339.4
59,58,561.64
59,59,0.0
59,60,404.07
59,61,352.6
59,63,677.23
59,64,339.4
59,65,561.64
59,66,275.21
59,67,159.77
59,68,408.15
59,69,530.19
59,70,133.52
59,71,170.48
59,72,155.39
59,73,485.03
59,74,438.01
59,75,374.06
59,76,441.63
59,78,133.52
59,79,220.88
59,80,170.48
59,81,408.15
59,85,404.07
59,93,404.07
59,94,434.5
59,95,159.77
59,96,404.07
59,97,352.6
59,98,615.19
59,99,20.0
59,100,220.88
59,101,408.15
59,102,170.48
59,103,485.03
59,104,530.19
59,105,574.01
59,106,561.64
59,107,677.23
59,108,432.98
59,109,404.07
59,110,6.0
59,112,155.39
59,113,339.4
59,114,438.01
59,115,275.21
59,116,485.03
59,117,404.07
59,118,408.15
59,119,615.19
59,120,220.88
59,121,339.4
59,122,352.6
59,123,220.88
60,0,58.29
60,1,557.87
60,2,13.0
60,8,67.37
60,10,56.79
60,11,98.53
60,12,182.36
60,13,54.41
60,14,491.54
60,15,133.43
60,16,163.18
60,17,279.43
60,18,172.49
60,19,124.55
60,20,112.15
60,22,41.24
60,23,226.36
60,24,211.13
60,39,133.43
60,40,172.49
60,41,279.43
60,42,163.18
60,43,491.54
60,49,298.93
60,50,172.49
60,52,172.49
60,53,279.43
60,55,98.53
60,56,133.43
60,57,182.36
60,58,163.18
60,59,404.07
60,60,0.0
60,61,54.41
60,63,279.43
60,64,182.36
60,65,163.18
60,66,557.87
60,67,245.71
60,68,56.79
60,69,133.43
60,70,338.59
60,71,298.93
60,72,491.54
60,73,98.53
60,74,124.55
60,75,112.15
60,76,66.59
60,78,338.59
60,79,226.36
60,80,298.93
60,81,56.79
60,85,0.0
60,93,0.0
60,94,41.24
60,95,245.71
60,96,16.0
60,97,54.41
60,98,211.13
60,99,404.07
60,100,226.36
60,101,56.79
60,102,298.93
60,103,98.53
60,104,133.43
60,105,172.49
60,106,163.18
60,107,279.43
60,108,58.29
60,109,29.0
60,110,404.07
60,112,491.54
60,113,182.36
60,114,124.55
60,115,557.87
60,116,98.53
60,117,12.0
60,118,56.79
60,119,211.13
60,120,226.36
60,121,182.36
60,122,54.41
60,123,226.36
61,0,103.69
61,1,504.42
61,2,54.41
61,8,114.73
61,10,89.84
61,11,150.61
61,12,175.5
61,13,28.0
61,14,437.14
61,15,187.73
61,16,217.59
61,17,333.82
61,18,221.51
61,19,155.65
61,20,119.69
61,22,82.25
61,23,189.99
61,24,263.67
61,39,187.73
61,40,221.51
61,41,333.82
61,42,217.59
61,43,437.14
61,49,259.56
61,50,221.51
61,52,221.51
61,53,333.82
61,55,150.61
61,56,187.73
61,57,175.5
61,58,217.59
61,59,352.6
61,60,54.41
61,61,0.0
61,63,333.82
61,64,175.5
61,65,217.59
61,66,504.42
61,67,196.11
61,68,89.84
61,69,187.73
61,70,284.19
61,71,259.56
61,72,437.14
61,73,150.61
61,74,155.65
61,75,119.69
61,76,113.11
61,78,284.19
61,79,189.99
61,80,259.56
61,81,89.84
61,85,54.41
61,93,54.41
61,94,82.25
61,95,196.11
61,96,54.41
61,97,16.0
61,98,263.67
61,99,352.6
61,100,189.99
61,101,89.84
61,102,259.56
61,103,150.61
61,104,187.73
61,105,221.51
61,106,217.59
61,107,333.82
61,108,103.69
61,109,54.41
61,110,352.6
61,112,437.14
61,113,175.5
61,114,155.65
61,115,504.42
61,116,150.61
61,117,54.41
61,118,89.84
61,119,263.67
61,120,189.99
61,121,175.5
61,122,16.0
61,123,189.99
63,0,244.29
63,1,833.2
63,2,279.43
63,8,233.07
63,10,269.46
63,11,192.38
63,12,377.21
63,13,333.82
63,14,770.95
63,15,147.46
63,16,116.5
63,17,26.0
63,18,149.55
63,19,257.08
63,20,314.46
63,22,261.38
63,23,474.34
63,24,93.25
63,39,147.46
63,40,149.55
63,41,27.0
63,42,116.5
63,43,770.95
63,49,546.76
63,50,149.55
63,52,149.55
63,53,15.0
63,55,192.38
63,56,147.46
63,57,377.21
63,58,116.5
63,59,677.23
63,60,279.43
63,61,333.82
63,63,0.0
63,64,377.21
63,65,116.5
63,66,833.2
63,67,517.47
63,68,269.46
63,69,147.46
63,70,617.9
63,71,546.76
63,72,770.95
63,73,192.38
63,74,257.08
63,75,314.46
63,76,235.8
63,78,617.9
63,79,474.34
63,80,546.76
63,81,269.46
63,85,279.43
63,93,279.43
63,94,261.38
63,95,517.47
63,96,279.43
63,97,333.82
63,98,93.25
63,99,677.23
63,100,474.34
63,101,269.46
63,102,546.76
63,103,192.38
63,104,147.46
63,105,149.55
63,106,116.5
63,107,24.0
63,108,244.29
63,109,279.43
63,110,677.23
63,112,770.95
63,113,377.21
63,114,257.08
63,115,833.2
63,116,192.38
63,117,279.43
63,118,269.46
63,119,93.25
63,120,474.34
63,121,377.21
63,122,333.82
63,123,474.34
64,0,161.02
64,1,569.55
64,2,182.36
64,8,167.22
64,10,138.66
64,11,199.48
64,12,7.0
64,13,175.5
64,14,471.9
64,15,246.59
64,16,275.58
64,17,377.21
64,18,328.14
64,19,120.25
64,20,74.63
64,22,222.85
64,23,118.6
64,24,345.6
64,39,246.59
64,40,328.14
64,41,377.21
64,42,275.58
64,43,471.9
64,49,180.22
64,50,328.14
64,52,328.14
64,53,377.21
64,55,199.48
64,56,246.59
64,57,12.0
64,58,275.58
64,59,339.4
64,60,182.36
64,61,175.5
64,63,377.21
64,64,0.0
64,65,275.58
64,66,569.55
64,67,198.13
64,68,138.66
64,69,246.59
64,70,339.32
64,71,180.22
64,72,471.9
64,73,199.48
64,74,120.25
64,75,74.63
64,76,164.46
64,78,339.32
64,79,118.6
64,80,180.22
64,81,138.66
64,85,182.36
64,93,182.36
64,94,222.85
64,95,198.13
64,96,182.36
64,97,175.5
64,98,345.6
64,99,339.4
64,100,118.6
64,101,138.66
64,102,180.22
64,103,199.48
64,104,246.59
64,105,328.14
64,106,275.58
64,107,377.21
64,108,161.02
64,109,182.36
64,110,339.4
64,112,471.9
64,113,29.0
64,114,120.25
64,115,569.55
64,116,199.48
64,117,182.36
64,118,138.66
64,119,345.6
64,120,118.6
64,121,12.0
64,122,175.5
64,123,118.6
65,0,129.62
65,1,719.13
65,2,163.18
65,8,118.9
65,10,155.39
65,11,79.12
65,12,275.58
65,13,217.59
65,14,654.69
65,15,31.57
65,16,29.0
65,17,116.5
65,18,86.15
65,19,157.38
65,20,206.7
65,22,148.5
65,23,363.31
65,24,72.99
65,39,31.57
65,40,86.15
65,41,116.5
65,42,28.0
65,43,654.69
65,49,436.59
65,50,86.15
65,52,86.15
65,53,116.5
65,55,79.12
65,56,31.57
65,57,275.58
65,58,12.0
65,59,561.64
65,60,163.18
65,61,217.59
65,63,116.5
65,64,275.58
65,65,0.0
65,66,719.13
65,67,401.89
65,68,155.39
65,69,31.57
65,70,501.77
65,71,436.59
65,72,654.69
65,73,79.12
65,74,157.38
65,75,206.7
65,76,121.75
65,78,501.77
65,79,363.31
65,80,436.59
65,81,155.39
65,85,163.18
65,93,163.18
65,94,148.5
65,95,401.89
65,96,163.18
65,97,217.59
65,98,72.99
65,99,561.64
65,100,363.31
65,101,155.39
65,102,436.59
65,103,79.12
65,104,31.57
65,105,86.15
65,106,21.0
65,107,116.5
65,108,129.62
65,109,163.18
65,110,561.64
65,112,654.69
65,113,275.58
65,114,157.38
65,115,719.13
65,116,79.12
65,117,163.18
65,118,155.39
65,119,72.99
65,120,363.31
65,121,275.58
65,122,217.59
65,123,363.31
66,0,606.03
66,1,20.0
66,2,557.87
66,8,617.55
66,10,586.64
66,11,654.94
66,12,569.55
66,13,504.42
66,14,122.16
66,15,690.73
66,16,719.13
66,17,833.2
66,18,699.46
66,19,638.0
66,20,577.56
66,22,571.82
66,23,458.29
66,24,752.03
66,39,690.73
66,40,699.46
66,41,833.2
66,42,719.13
66,43,122.16
66,49,431.92
66,50,699.46
66,52,699.46
66,53,833.2
66,55,654.94
66,56,690.73
66,57,569.55
66,58,719.13
66,59,275.21
66,60,557.87
66,61,504.42
66,63,833.2
66,64,569.55
66,65,719.13
66,66,0.0
66,67,371.9
66,68,586.64
66,69,690.73
66,70,231.32
66,71,431.92
66,72,122.16
66,73,654.94
66,74,638.0
66,75,577.56
66,76,615.56
66,78,231.32
66,79,458.29
66,80,431.92
66,81,586.64
66,85,557.87
66,93,557.87
66,94,571.82
66,95,371.9
66,96,557.87
66,97,504.42
66,98,752.03
66,99,275.21
66,100,458.29
66,101,586.64
66,102,431.92
